#include <stdio.h>
#include <stdlib.h>
#include <windows.h>
void imp(int matriz[27][100]);
int main(){
int soko[27][100]={
{219,219,219,219,219,219,219,219,219,219,219,219,219,219,219,219,219,219,219,219,219,219,219,219,219,219,219,219,219,219,219,219,219,219,219,219,219,219,219,219,219,219,219,219,219,219,83,79,75,79,66,65,78,219,219,219,219,219,219,219,219,219,219,219,219,219,219,219,219,219,219,219,219,219,219,219,219,219,219,219,219,219,219,219,219,219,219,219,219,219,219,219,219,219,219,219,219,219,219,219},
{219,219,219,219,219,219,219,219,219,219,219,219,219,219,219,219,219,219,219,219,219,219,219,219,219,219,219,219,219,219,219,219,219,219,219,219,219,219,219,219,219,219,219,219,219,219,219,219,219,219,219,219,219,219,219,219,219,219,219,219,219,219,219,219,219,219,219,219,219,219,219,219,219,219,219,219,219,219,219,219,219,219,219,219,219,219,219,219,219,219,219,219,219,219,219,219,219,219,219,219},
{219,219,219,219,219,219,219,219,219,219,219,219,219,219,219,219,219,219,219,219,219,219,219,219,219,219,219,219,219,219,219,219,219,219,219,219,219,219,219,219,219,219,219,219,219,219,219,219,219,219,219,219,219,219,219,219,219,219,219,219,219,219,219,219,219,219,219,219,219,219,219,219,219,219,219,219,219,219,219,219,219,219,219,219,219,219,219,219,219,219,219,219,219,219,219,219,219,219,219,219},
{219,219,219,219,219,219,219,219,219,219,219,219,219,219,219,219,219,219,219,219,219,219,219,219,219,219,219,219,219,219,219,219,219,219,219,219,219,219,219,219,219,219,219,219,219,219,219,219,80,76,65,89,219,219,219,219,219,219,219,219,219,219,219,219,219,219,219,219,219,219,219,219,219,219,219,219,219,219,219,219,219,219,219,219,219,219,219,219,219,219,219,219,219,219,219,219,219,219,219,219},
{219,219,219,219,219,219,219,219,219,219,219,219,219,219,219,219,219,219,219,219,219,177,177,177,177,177,177,177,177,177,177,177,177,177,177,177,177,201,205,205,205,205,205,205,205,205,205,205,205,203,205,205,205,205,205,205,205,205,205,205,205,187,177,177,177,177,177,177,177,177,177,177,177,177,177,177,177,177,177,177,219,219,219,219,219,219,219,219,219,219,219,219,219,219,219,219,219,219,219,219},
{219,219,219,219,219,219,219,219,219,219,219,219,219,219,219,219,219,219,219,219,219,177,177,177,177,177,219,219,219,219,219,177,177,177,177,177,177,186,178,178,178,178,178,178,178,178,178,178,178,186,178,178,178,178,178,178,178,178,178,178,178,186,177,177,177,177,177,177,177,177,177,177,177,177,177,177,177,177,177,177,219,219,219,219,219,219,219,219,219,219,219,219,219,219,219,219,219,219,219,219},
{219,219,219,219,219,219,219,219,219,219,219,219,219,219,219,219,219,219,219,219,219,177,177,177,177,177,219,169,219,169,219,177,177,177,177,177,177,186,178,178,178,178,178,178,178,178,178,178,178,186,178,178,178,178,178,178,178,178,178,178,178,186,177,177,177,177,177,177,177,177,177,177,177,177,177,177,177,177,177,177,219,219,219,219,219,219,219,219,219,219,219,219,219,219,219,219,219,219,219,219},
{219,219,219,219,219,219,219,219,219,219,219,219,219,219,219,219,219,219,219,219,219,177,177,177,177,177,219,219,205,219,219,177,177,177,177,177,177,186,178,178,178,178,178,178,178,178,178,178,178,186,178,178,178,178,178,178,178,178,178,178,178,186,177,177,177,177,177,177,177,177,177,177,177,177,177,177,177,177,177,177,219,219,219,219,219,219,219,219,219,219,219,219,219,219,219,219,219,219,219,219},
{219,219,219,219,219,219,219,219,219,219,219,219,219,219,219,219,219,219,219,219,219,177,177,219,219,219,219,219,219,219,219,219,219,219,177,177,177,186,178,178,178,178,178,178,178,178,178,178,178,186,178,178,178,178,178,178,178,178,178,178,178,186,177,177,177,177,177,177,177,177,177,177,177,177,177,177,177,177,177,177,219,219,219,219,219,219,219,219,219,219,219,219,219,219,219,219,219,219,219,219},
{219,219,219,219,219,219,219,219,219,219,219,219,219,219,219,219,219,219,219,219,219,177,177,219,219,177,219,219,219,219,219,177,219,219,177,177,177,186,178,178,178,178,178,178,178,178,178,178,178,186,178,178,178,178,178,178,178,178,178,178,178,186,177,177,177,177,177,177,177,177,177,177,177,177,177,177,177,177,177,177,219,219,219,219,219,219,219,219,219,219,219,219,219,219,219,219,219,219,219,219},
{219,219,219,219,219,219,219,219,219,219,219,219,219,219,219,219,219,219,219,219,219,177,177,219,219,177,219,219,219,219,219,177,219,219,177,177,177,186,178,178,178,178,178,178,178,178,178,178,178,186,178,178,178,178,178,178,178,178,178,178,178,186,177,177,177,177,177,177,177,177,177,177,177,177,177,177,177,177,177,177,219,219,219,219,219,219,219,219,219,219,219,219,219,219,219,219,219,219,219,219},
{219,219,219,219,219,219,219,219,219,219,219,219,219,219,219,219,219,219,219,219,219,177,177,219,219,177,219,219,219,219,219,177,219,219,177,177,177,186,178,178,178,178,178,178,178,178,178,178,178,186,178,178,178,178,178,178,178,178,178,178,178,186,177,220,220,177,177,177,177,177,177,177,177,177,177,177,177,177,177,177,219,219,219,219,219,219,219,219,219,219,219,219,219,219,219,219,219,219,219,219},
{219,219,219,219,219,219,219,219,219,219,219,219,219,219,219,219,219,219,219,219,219,177,177,219,219,176,176,176,176,176,176,176,219,219,177,177,177,186,178,178,178,178,178,178,178,178,178,178,178,186,178,178,178,178,178,178,178,178,178,178,178,186,177,177,177,177,177,177,177,177,177,177,177,177,177,177,177,177,177,177,219,219,219,219,219,219,219,219,219,219,219,219,219,219,219,219,219,219,219,219},
{219,219,219,219,219,219,219,219,219,219,219,219,219,219,219,219,219,219,219,219,219,177,177,177,177,177,219,219,219,219,219,177,177,177,177,177,177,186,178,178,178,178,178,178,178,178,178,178,178,186,178,178,178,178,178,178,178,178,178,178,178,186,177,177,177,177,177,177,177,177,177,177,177,177,177,177,177,177,177,177,219,219,219,219,219,219,219,219,219,219,219,219,219,219,219,219,219,219,219,219},
{219,219,219,219,219,219,219,219,219,219,219,219,219,219,219,219,219,219,219,219,219,177,177,177,177,177,219,219,177,219,219,177,177,177,177,177,177,186,178,178,178,178,178,178,178,178,178,178,178,186,178,178,178,178,178,178,178,178,178,178,178,186,177,177,177,177,177,177,177,177,177,177,177,177,177,177,177,177,177,177,219,219,219,219,219,219,219,219,219,219,219,219,219,219,219,219,219,219,219,219},
{219,219,219,219,219,219,219,219,219,219,219,219,219,219,219,219,219,219,219,219,219,177,177,177,177,177,219,219,177,219,219,177,177,177,177,177,177,186,178,178,178,178,178,178,178,178,178,178,178,186,178,178,178,178,178,178,178,178,178,178,178,186,177,177,177,177,177,177,177,177,177,177,177,177,177,177,177,177,177,177,219,219,219,219,219,219,219,219,219,219,219,219,219,219,219,219,219,219,219,219},
{219,219,219,219,219,219,219,219,219,219,219,219,219,219,219,219,219,219,219,219,219,177,177,177,177,219,219,219,177,219,219,219,177,177,177,177,177,186,178,178,178,178,178,178,178,178,178,178,178,186,178,178,178,178,178,178,178,178,178,178,178,186,177,177,177,177,177,177,177,177,177,177,177,177,177,177,177,177,177,177,219,219,219,219,219,219,219,219,219,219,219,219,219,219,219,219,219,219,219,219},
{178,178,178,176,176,176,178,178,178,176,176,176,178,178,178,176,176,176,178,178,178,176,176,176,178,178,178,176,176,176,178,178,178,176,176,176,178,178,178,176,176,176,178,178,178,176,176,176,178,178,178,176,176,176,178,178,178,176,176,176,178,178,178,176,176,176,178,178,178,176,176,176,178,178,178,176,176,176,178,178,178,176,176,176,178,178,178,176,176,176,178,178,178,176,176,176,178,178,178,176},
{176,176,176,178,178,178,176,176,176,178,178,178,176,176,176,178,178,178,176,176,176,178,178,178,176,176,176,178,178,178,176,176,176,178,178,178,176,176,176,178,178,178,176,176,176,178,178,178,176,176,176,178,178,178,176,176,176,178,178,178,176,176,176,178,178,178,176,176,176,178,178,178,176,176,176,178,178,178,176,176,176,178,178,178,176,176,176,178,178,178,176,176,176,178,178,178,176,176,176,178}, 
{178,178,178,176,176,176,178,178,178,176,176,176,178,178,178,176,176,176,178,178,178,176,176,176,178,178,178,176,176,176,178,178,178,176,176,176,178,178,178,176,176,176,178,178,178,176,176,176,178,178,178,176,176,176,178,178,178,176,176,176,178,178,178,176,176,176,178,178,178,176,176,176,178,178,178,176,176,176,178,178,178,176,176,176,178,178,178,176,176,176,178,178,178,176,176,176,178,178,178,176},
{176,176,176,178,178,178,176,176,176,178,178,178,176,176,176,178,178,178,176,176,176,178,178,178,176,176,176,178,178,178,176,176,176,178,178,178,176,176,176,178,178,178,176,176,176,178,178,178,176,176,176,178,178,178,176,176,176,178,178,178,176,176,176,178,178,178,176,176,176,178,178,178,176,176,176,178,178,178,176,176,176,178,178,178,176,176,176,178,178,178,176,176,176,178,178,178,176,176,176,178}, 
{178,178,178,176,176,176,178,178,178,176,176,176,178,178,178,176,176,176,178,178,178,176,176,176,178,178,178,176,176,176,178,178,178,176,176,176,178,178,178,176,176,176,178,178,178,176,176,176,178,178,178,176,176,176,178,178,178,176,176,176,178,178,178,176,176,176,178,178,178,176,176,176,178,178,178,176,176,176,178,178,178,176,176,176,178,178,178,176,176,176,178,178,178,176,176,176,178,178,178,176},
{176,176,176,178,178,178,176,176,176,178,178,178,176,176,176,178,178,178,176,176,176,178,178,178,176,176,176,178,178,178,176,176,176,178,178,178,176,176,176,178,178,178,176,176,176,178,178,178,176,176,176,178,178,178,176,176,176,178,178,178,176,176,176,178,178,178,176,176,176,178,178,178,176,176,176,178,178,178,176,176,176,178,178,178,176,176,176,178,178,178,176,176,176,178,178,178,176,176,176,178}, 
{178,178,178,176,176,176,178,178,178,176,176,176,178,178,178,176,176,176,178,178,178,176,176,176,178,178,178,176,176,176,178,178,178,176,176,176,178,178,178,176,176,176,178,178,178,176,176,176,178,178,178,176,176,176,178,178,178,176,176,176,178,178,178,176,176,176,178,178,178,176,176,176,178,178,178,176,176,176,178,178,178,176,176,176,178,178,178,176,176,176,178,178,178,176,176,176,178,178,178,176},
{176,176,176,178,178,178,176,176,176,178,178,178,176,176,176,178,178,178,176,176,176,178,178,178,176,176,176,178,178,178,176,176,176,178,178,178,176,176,176,178,178,178,176,176,176,178,178,178,176,176,176,178,178,178,176,176,176,178,178,178,176,176,176,178,178,178,176,176,176,178,178,178,176,176,176,178,178,178,176,176,176,178,178,178,176,176,176,178,178,178,176,176,176,178,178,178,176,176,176,178}, 
{178,178,178,176,176,176,178,178,178,176,176,176,178,178,178,176,176,176,178,178,178,176,176,176,178,178,178,176,176,176,178,178,178,176,176,176,178,178,178,176,176,176,178,178,178,176,176,176,178,178,178,176,176,176,178,178,178,176,176,176,178,178,178,176,176,176,178,178,178,176,176,176,178,178,178,176,176,176,178,178,178,176,176,176,178,178,178,176,176,176,178,178,178,176,176,176,178,178,178,176},
{176,176,176,178,178,178,176,176,176,178,178,178,176,176,176,178,178,178,176,176,176,178,178,178,176,176,176,178,178,178,176,176,176,178,178,178,176,176,176,178,178,178,176,176,176,178,178,178,176,176,176,178,178,178,176,176,176,178,178,178,176,176,176,178,178,178,176,176,176,178,178,178,176,176,176,178,178,178,176,176,176,178,178,178,176,176,176,178,178,178,176,176,176,178,178,178,176,176,176,178}, 
};
imp(soko);
printf("\n");
system("PAUSE");
}
void imp(int matriz[27][100]){
	int i,j;
	for(i=0;i<27;i++){
		printf("\n");
		printf("\t\t");
		for(j=0;j<100;j++){
		printf("%c",matriz[i][j]);

		}
	}
}
void  color(int c){

	HANDLE consol;
	consol = GetStdHandle
		(STD_OUTPUT_HANDLE);
	SetConsoleTextAttribute
		(consol, c);
}
