#include <stdio.h>
#include <stdlib.h>
#include <windows.h>
void imp(int matriz[27][100]);
int main(){
int soko[27][100]={
{219,219,219,219,219,219,219,219,219,219,219,219,219,219,219,219,219,219,219,219,219,219,219,219,219,219,219,219,219,219,219,219,219,219,219,219,219,219,219,219,219,219,219,219,219,219,219,219,219,219,219,219,219,219,219,219,219,219,219,219,219,219,219,219,219,219,219,219,219,219,219,219,219,219,219,219,219,219,219,219,219,219,219,219,219,219,219,219,219,219,219,219,219,219,219,219,219,219,219,219},
{219,219,219,219,219,219,219,219,219,219,219,219,219,219,219,219,219,219,219,219,219,219,219,219,219,219,219,219,219,219,219,219,219,219,219,219,219,219,219,219,219,219,219,219,219,219,219,219,219,219,219,219,219,219,219,219,219,219,219,219,219,219,219,219,219,219,219,219,219,219,219,219,219,219,219,219,219,219,219,219,219,219,219,219,219,219,219,219,219,219,219,219,219,219,219,219,219,219,219,219},
{167,167,167,167,167,167,167,167,167,167,167,167,167,167,167,167,167,167,167,167,167,167,167,167,167,167,167,167,167,167,167,167,167,167,167,167,167,167,167,167,167,167,167,167,167,167,167,167,167,167,167,167,167,167,167,167,167,167,167,167,167,167,167,167,167,167,167,167,167,167,167,167,167,167,167,167,167,167,167,167,167,167,167,167,167,167,167,167,167,167,167,167,167,167,167,167,167,167,167,167},
{219,219,219,219,219,219,219,219,219,219,219,219,219,219,219,219,219,219,219,219,219,219,219,219,219,219,219,219,219,219,219,219,219,219,219,219,219,219,219,219,219,219,219,219,219,219,219,219,80,76,65,89,219,219,219,219,219,219,219,219,219,219,219,219,219,219,219,219,219,219,219,219,219,219,219,219,219,219,219,219,219,219,219,219,219,219,219,219,219,219,219,219,219,219,219,219,219,219,219,219},
{219,219,219,219,219,219,219,219,219,219,219,219,219,219,219,219,219,219,219,219,219,177,177,177,177,177,177,177,177,177,177,177,177,177,177,177,177,201,205,205,205,205,205,205,205,205,205,205,205,203,205,205,205,205,205,205,205,205,205,205,205,187,177,177,177,177,177,177,177,177,177,177,177,177,177,177,177,177,177,177,219,219,219,219,219,219,219,219,219,219,219,219,219,219,219,219,219,219,219,219},
{219,219,219,219,219,219,219,219,219,219,219,219,219,219,219,219,219,219,219,219,219,177,177,177,177,177,219,219,219,219,219,177,177,177,177,177,177,186,178,178,178,178,178,178,178,178,178,178,178,186,178,178,178,178,178,178,178,178,178,178,178,186,177,177,177,177,177,177,177,177,177,177,177,177,177,177,177,177,177,177,219,219,219,219,219,219,219,219,219,219,219,219,219,219,219,219,219,219,219,219},
{219,219,219,219,219,219,219,219,219,219,219,219,219,219,219,219,219,219,219,219,219,177,177,177,177,177,219,169,219,169,219,177,177,177,177,177,177,186,178,178,178,178,178,178,178,178,178,178,178,186,178,178,178,178,178,178,178,178,178,178,178,186,177,177,177,177,177,177,177,177,177,177,177,177,177,177,177,177,177,177,219,219,219,219,219,219,219,219,219,219,219,219,219,219,219,219,219,219,219,219},
{219,219,219,219,219,219,219,219,219,219,219,219,219,219,219,219,219,219,219,219,219,177,177,177,177,177,219,219,205,219,219,177,177,177,177,177,177,186,178,178,178,178,178,178,178,178,178,178,178,186,178,178,178,178,178,178,178,178,178,178,178,186,177,177,177,177,177,177,177,177,177,177,177,177,177,177,177,177,177,177,219,219,219,219,219,219,219,219,219,219,219,219,219,219,219,219,219,219,219,219},
{219,219,219,219,219,219,219,219,219,219,219,219,219,219,219,219,219,219,219,219,219,177,177,219,219,219,219,219,219,219,219,219,219,219,177,177,177,186,178,178,178,178,178,178,178,178,178,178,178,186,178,178,178,178,178,178,178,178,178,178,178,186,177,177,177,177,177,177,177,177,177,177,177,177,177,177,177,177,177,177,219,219,219,219,219,219,219,219,219,219,219,219,219,219,219,219,219,219,219,219},
{219,219,219,219,219,219,219,219,219,219,219,219,219,219,219,219,219,219,219,219,219,177,177,219,219,177,219,219,219,219,219,177,219,219,177,177,177,186,178,178,178,178,178,178,178,178,178,178,178,186,178,178,178,178,178,178,178,178,178,178,178,186,177,177,177,177,177,177,177,177,177,177,177,177,177,177,177,177,177,177,219,219,219,219,219,219,219,219,219,219,219,219,219,219,219,219,219,219,219,219},
{219,219,219,219,219,219,219,219,219,219,219,219,219,219,219,219,219,219,219,219,219,177,177,219,219,177,219,219,219,219,219,177,219,219,177,177,177,186,178,178,178,178,178,178,178,178,178,178,178,186,178,178,178,178,178,178,178,178,178,178,178,186,177,177,177,177,177,177,177,177,177,177,177,177,177,177,177,177,177,177,219,219,219,219,219,219,219,219,219,219,219,219,219,219,219,219,219,219,219,219},
{219,219,219,219,219,219,219,219,219,219,219,219,219,219,219,219,219,219,219,219,219,177,177,219,219,177,219,219,219,219,219,177,219,219,177,177,177,186,178,178,178,178,178,178,178,178,178,178,178,186,178,178,178,178,178,178,178,178,178,178,178,186,177,220,220,177,177,177,177,177,177,177,177,177,177,177,177,177,177,177,219,219,219,219,219,219,219,219,219,219,219,219,219,219,219,219,219,219,219,219},
{219,219,219,219,219,219,219,219,219,219,219,219,219,219,219,219,219,219,219,219,219,177,177,219,219,176,176,176,176,176,176,176,219,219,177,177,177,186,178,178,178,178,178,178,178,178,178,178,178,186,178,178,178,178,178,178,178,178,178,178,178,186,177,177,177,177,177,177,177,177,177,177,177,177,177,177,177,177,177,177,219,219,219,219,219,219,219,219,219,219,219,219,219,219,219,219,219,219,219,219},
{219,219,219,219,219,219,219,219,219,219,219,219,219,219,219,219,219,219,219,219,219,177,177,177,177,177,219,219,219,219,219,177,177,177,177,177,177,186,178,178,178,178,178,178,178,178,178,178,178,186,178,178,178,178,178,178,178,178,178,178,178,186,177,177,177,177,177,177,177,177,177,177,177,177,177,177,177,177,177,177,219,219,219,219,219,219,219,219,219,219,219,219,219,219,219,219,219,219,219,219},
{219,219,219,219,219,219,219,219,219,219,219,219,219,219,219,219,219,219,219,219,219,177,177,177,177,177,219,219,177,219,219,177,177,177,177,177,177,186,178,178,178,178,178,178,178,178,178,178,178,186,178,178,178,178,178,178,178,178,178,178,178,186,177,177,177,177,177,177,177,177,177,177,177,177,177,177,177,177,177,177,219,219,219,219,219,219,219,219,219,219,219,219,219,219,219,219,219,219,219,219},
{219,219,219,219,219,219,219,219,219,219,219,219,219,219,219,219,219,219,219,219,219,177,177,177,177,177,219,219,177,219,219,177,177,177,177,177,177,186,178,178,178,178,178,178,178,178,178,178,178,186,178,178,178,178,178,178,178,178,178,178,178,186,177,177,177,177,177,177,177,177,177,177,177,177,177,177,177,177,177,177,219,219,219,219,219,219,219,219,219,219,219,219,219,219,219,219,219,219,219,219},
{219,219,219,219,219,219,219,219,219,219,219,219,219,219,219,219,219,219,219,219,219,177,177,177,177,219,219,219,177,219,219,219,177,177,177,177,177,186,178,178,178,178,178,178,178,178,178,178,178,186,178,178,178,178,178,178,178,178,178,178,178,186,177,177,177,177,177,177,177,177,177,177,177,177,177,177,177,177,177,177,219,219,219,219,219,219,219,219,219,219,219,219,219,219,219,219,219,219,219,219},
{178,178,178,176,176,176,178,178,178,176,176,176,178,178,178,176,176,176,178,178,178,176,176,176,178,178,178,176,176,176,178,178,178,176,176,176,178,178,178,176,176,176,178,178,178,176,176,176,178,178,178,176,176,176,178,178,178,176,176,176,178,178,178,176,176,176,178,178,178,176,176,176,178,178,178,176,176,176,178,178,178,176,176,176,178,178,178,176,176,176,178,178,178,176,176,176,178,178,178,176},
{176,176,176,178,178,178,176,176,176,178,178,178,176,176,176,178,178,178,176,176,176,178,178,178,176,176,176,178,178,178,176,176,176,178,178,178,176,176,176,178,178,178,176,176,176,178,178,178,176,176,176,178,178,178,176,176,176,178,178,178,176,176,176,178,178,178,176,176,176,178,178,178,176,176,176,178,178,178,176,176,176,178,178,178,176,176,176,178,178,178,176,176,176,178,178,178,176,176,176,178}, 
{178,178,178,176,176,176,178,178,178,176,176,176,178,178,178,176,176,176,178,178,178,176,176,176,178,178,178,176,176,176,178,178,178,176,176,176,178,178,178,176,176,176,178,178,178,176,176,176,178,178,178,176,176,176,178,178,178,176,176,176,178,178,178,176,176,176,178,178,178,176,176,176,178,178,178,176,176,176,178,178,178,176,176,176,178,178,178,176,176,176,178,178,178,176,176,176,178,178,178,176},
{176,176,176,178,178,178,176,176,176,178,178,178,176,176,176,178,178,178,176,176,176,178,178,178,176,176,176,178,178,178,176,176,176,178,178,178,176,176,176,178,178,178,176,176,176,178,178,178,176,176,176,178,178,178,176,176,176,178,178,178,176,176,176,178,178,178,176,176,176,178,178,178,176,176,176,178,178,178,176,176,176,178,178,178,176,176,176,178,178,178,176,176,176,178,178,178,176,176,176,178}, 
{178,178,178,176,176,176,178,178,178,176,176,176,178,178,178,176,176,176,178,178,178,176,176,176,178,178,178,176,176,176,178,178,178,176,176,176,178,178,178,176,176,176,178,178,178,176,176,176,178,178,178,176,176,176,178,178,178,176,176,176,178,178,178,176,176,176,178,178,178,176,176,176,178,178,178,176,176,176,178,178,178,176,176,176,178,178,178,176,176,176,178,178,178,176,176,176,178,178,178,176},
{176,176,176,178,178,178,176,176,176,178,178,178,176,176,176,178,178,178,176,176,176,178,178,178,176,176,176,178,178,178,176,176,176,178,178,178,176,176,176,178,178,178,176,176,176,178,178,178,176,176,176,178,178,178,176,176,176,178,178,178,176,176,176,178,178,178,176,176,176,178,178,178,176,176,176,178,178,178,176,176,176,178,178,178,176,176,176,178,178,178,176,176,176,178,178,178,176,176,176,178}, 
{178,178,178,176,176,176,178,178,178,176,176,176,178,178,178,176,176,176,178,178,178,176,176,176,178,178,178,176,176,176,178,178,178,176,176,176,178,178,178,176,176,176,178,178,178,176,176,176,178,178,178,176,176,176,178,178,178,176,176,176,178,178,178,176,176,176,178,178,178,176,176,176,178,178,178,176,176,176,178,178,178,176,176,176,178,178,178,176,176,176,178,178,178,176,176,176,178,178,178,176},
{176,176,176,178,178,178,176,176,176,178,178,178,176,176,176,178,178,178,176,176,176,178,178,178,176,176,176,178,178,178,176,176,176,178,178,178,176,176,176,178,178,178,176,176,176,178,178,178,176,176,176,178,178,178,176,176,176,178,178,178,176,176,176,178,178,178,176,176,176,178,178,178,176,176,176,178,178,178,176,176,176,178,178,178,176,176,176,178,178,178,176,176,176,178,178,178,176,176,176,178}, 
{178,178,178,176,176,176,178,178,178,176,176,176,178,178,178,176,176,176,178,178,178,176,176,176,178,178,178,176,176,176,178,178,178,176,176,176,178,178,178,176,176,176,178,178,178,176,176,176,178,178,178,176,176,176,178,178,178,176,176,176,178,178,178,176,176,176,178,178,178,176,176,176,178,178,178,176,176,176,178,178,178,176,176,176,178,178,178,176,176,176,178,178,178,176,176,176,178,178,178,176},
{176,176,176,178,178,178,176,176,176,178,178,178,176,176,176,178,178,178,176,176,176,178,178,178,176,176,176,178,178,178,176,176,176,178,178,178,176,176,176,178,178,178,176,176,176,178,178,178,176,176,176,178,178,178,176,176,176,178,178,178,176,176,176,178,178,178,176,176,176,178,178,178,176,176,176,178,178,178,176,176,176,178,178,178,176,176,176,178,178,178,176,176,176,178,178,178,176,176,176,178}, 
};

printf("\n");
char tecla;
int fil,col;
fil=2,col=2,fil1=2,col1;
while(tecla!='x'){
	printf("Hora de la magia, manten presionada cualquier tecla para ver el mensaje oculto, una vez quiera avanzar presiona (x)");
	tecla=getch();
	soko[fil][col]=2;
imp(soko);
soko[fil][col]=167;
if(soko[fil][col+1]==167){
	col++;
}
if(soko[fil][col+1]!=167){
	col=0;
	fil=2;
}

    	system("cls");
 }
system("PAUSE");
}
void imp(int matriz[27][100]){
	int i,j;
	for(i=0;i<27;i++){
		printf("\n");
		printf("\t\t");
		for(j=0;j<100;j++){
		printf("%c",matriz[i][j]);

		}
	}
}
void  color(int c){

	HANDLE consol;
	consol = GetStdHandle
		(STD_OUTPUT_HANDLE);
	SetConsoleTextAttribute
		(consol, c);
}
